buffer <- 6000
mask.spacing <- 100
trap.spacing <- 2500

D <- 0.0416
g0 <- 0.99999
sigma <- 1250
kappa <- 140
