## Decreased the mask spacing and the trap spacing.
buffer <- 6000
mask.spacing <- 50
trap.spacing <- 500

D <- 0.0416
g0 <- 0.99999
sigma <- 1250
kappa <- 70
