## True parameter values.
seed <- 8572
D <- 1700
ssb0 <- 160
ssb1 <- -2.40
sigmass <- 9.0
sigmatoa <- 0.0018
cutoff <- 130
