## Increased D, decreased kappa.
buffer <- 6000
mask.spacing <- 100
trap.spacing <- 2500

D <- 4*0.0416
g0 <- 0.99999
sigma <- 1250
kappa <- 70
