## Setup for simulations.
nsims <- 1
buffer <- 35
mask.spacing <- 50

## True parameter values.
seed <- 9578
D <- 5270
g0 <- 0.99999
sigma <- 5.60
sigmatoa <- 0.002
ssb0 <- 5.16
ssb1 <- -0.02
sigmass <- 6.20
cutoff <- 150