    unsorted:	 3.596395147e-05 100.8388061 13284933.78
      sorted:	 3.596395147e-05 100.8388061 13284933.78
