    unsorted:	 0.1275043056 462.5620705 2251033.655 245662128.2
      sorted:	 0.1275043056 462.5620705 2251033.655 245662128.2
