    unsorted:	 0.08037219600 458.9894490 2379619.734 234889665.0
      sorted:	 0.08037219600 458.9894490 2379619.734 234889665.0
